2.16091 -28.2742
2.16487 -28.1286
2.16882 -27.9892
2.17278 -27.8598
2.17673 -27.7436
2.18069 -27.6439
2.18464 -27.564
2.18864 -27.5069
2.19265 -27.48
2.19665 -27.4904
2.20065 -27.5455
2.20465 -27.6536
2.20866 -27.8244
2.21271 -28.0781
2.21676 -28.4569
2.22081 -29.0227
2.22486 -29.8631
2.22891 -31.1203
2.23296 -33.0658
2.23705 -36.1053
2.24115 -39.416
2.24525 -39.6631
2.24935 -34.9806
2.25345 -28.864
2.25754 -23.3349
2.26169 -18.6492
2.26583 -14.8845
2.26998 -11.8484
2.27413 -9.36036
2.27827 -7.29223
2.28242 -5.55557
2.28661 -4.07617
2.2908 -2.84222
2.295 -1.83051
2.29919 -1.02513
2.30339 -0.417537
2.30758 -0.00687319
2.31182 0.212837
2.31606 0.27962
2.3203 0.239465
2.32455 0.133867
2.32879 0.00404644
2.33303 -0.10687
2.33732 -0.163946
2.34161 -0.170149
2.3459 -0.14111
2.35019 -0.0928362
2.35448 -0.0412065
2.35877 -0.00177304
2.3631 0.0137834
2.36744 0.00757232
2.37178 -0.0142097
2.37612 -0.0454142
2.38046 -0.0798521
2.38479 -0.111248
2.38918 -0.134524
2.39357 -0.148289
2.39795 -0.152669
2.40234 -0.147825
2.40672 -0.133946
2.41111 -0.111248
2.41554 -0.0805369
2.41998 -0.0470221
2.42441 -0.0165912
2.42885 0.00494727
2.43328 0.0118234
2.43771 -0.00177304
2.4422 -0.0389091
2.44668 -0.0883289
2.45116 -0.135095
2.45564 -0.163967
2.46013 -0.159574
2.46461 -0.10687
2.46914 0.000100695
2.47367 0.126578
2.4782 0.230176
2.48273 0.270351
2.48726 0.206339
2.49179 -0.00687319
2.49637 -0.417233
2.50095 -1.02711
2.50552 -1.83603
2.5101 -2.8508
2.51468 -4.08457
2.51926 -5.55557
2.52389 -7.30966
2.52851 -9.38962
2.53314 -11.883
2.53776 -14.9166
2.54239 -18.6689
2.54702 -23.3349
2.55169 -28.9964
2.55637 -35.3532
2.56104 -40.2707
2.56571 -39.832
2.57039 -36.2367
2.57506 -33.0658
2.57978 -31.0452
2.58451 -29.7737
2.58923 -28.946
2.59395 -28.4052
2.59867 -28.0544
2.60339 -27.8244
2.60816 -27.6645
2.61293 -27.5607
2.6177 -27.5052
2.62247 -27.4912
2.62724 -27.5127
2.63201 -27.564
2.63683 -27.6408
2.64164 -27.7389
2.64646 -27.855
2.65128 -27.9854
2.6561 -28.1264
2.66091 -28.2742
