2.16091 -28.2742
2.1621 -28.2301
2.16329 -28.1863
2.16447 -28.1429
2.16566 -28.1001
2.16685 -28.0579
2.16803 -28.0164
2.16922 -27.9758
2.1704 -27.9361
2.17159 -27.8974
2.17278 -27.8598
2.17396 -27.8234
2.17515 -27.7883
2.17634 -27.7545
2.17752 -27.7222
2.17871 -27.6915
2.1799 -27.6624
2.18108 -27.635
2.18227 -27.6094
2.18346 -27.5857
2.18464 -27.564
2.18584 -27.5441
2.18704 -27.5265
2.18824 -27.5113
2.18944 -27.4989
2.19065 -27.4892
2.19185 -27.4826
2.19305 -27.4793
2.19425 -27.4793
2.19545 -27.483
2.19665 -27.4904
2.19785 -27.5019
2.19905 -27.5176
2.20025 -27.5378
2.20145 -27.5626
2.20265 -27.5924
2.20385 -27.6273
2.20505 -27.6677
2.20625 -27.7138
2.20746 -27.766
2.20866 -27.8244
2.20987 -27.8904
2.21109 -27.9645
2.2123 -28.048
2.21352 -28.1421
2.21473 -28.2484
2.21595 -28.3684
2.21716 -28.5039
2.21838 -28.6567
2.21959 -28.8288
2.22081 -29.0227
2.22202 -29.2409
2.22324 -29.4866
2.22445 -29.7633
2.22567 -30.0751
2.22688 -30.4271
2.2281 -30.8254
2.22931 -31.2775
2.23053 -31.7928
2.23174 -32.3836
2.23296 -33.0658
2.23419 -33.8652
2.23541 -34.7691
2.23664 -35.7602
2.23787 -36.8089
2.2391 -37.8657
2.24033 -38.852
2.24156 -39.655
2.24279 -40.1362
2.24402 -40.1634
2.24525 -39.6631
2.24648 -38.6564
2.24771 -37.2476
2.24894 -35.5744
2.25017 -33.7628
2.2514 -31.9062
2.25263 -30.0649
2.25385 -28.2739
2.25508 -26.5512
2.25631 -24.9044
2.25754 -23.3349
2.25879 -21.8269
2.26003 -20.406
2.26127 -19.0739
2.26252 -17.8278
2.26376 -16.6626
2.26501 -15.5725
2.26625 -14.5515
2.26749 -13.594
2.26874 -12.6945
2.26998 -11.8484
2.27122 -11.0512
2.27247 -10.299
2.27371 -9.58851
2.27495 -8.91645
2.2762 -8.2801
2.27744 -7.67697
2.27869 -7.10484
2.27993 -6.56172
2.28117 -6.04583
2.28242 -5.55557
2.28368 -5.08432
2.28493 -4.63694
2.28619 -4.21262
2.28745 -3.81059
2.28871 -3.43013
2.28997 -3.07059
2.29122 -2.73137
2.29248 -2.41192
2.29374 -2.11178
2.295 -1.83051
2.29626 -1.56777
2.29751 -1.32324
2.29877 -1.09669
2.30003 -0.887935
2.30129 -0.696855
2.30255 -0.523392
2.3038 -0.367552
2.30506 -0.229409
2.30632 -0.109109
2.30758 -0.00687319
2.30885 0.0782005
2.31012 0.14617
2.3114 0.198577
2.31267 0.236845
2.31394 0.262299
2.31521 0.276191
2.31649 0.279714
2.31776 0.274022
2.31903 0.260237
2.3203 0.239465
2.32158 0.212803
2.32285 0.181349
2.32412 0.146208
2.32539 0.108495
2.32667 0.0693461
2.32794 0.0299134
2.32921 -0.00862858
2.33048 -0.045085
2.33176 -0.078242
2.33303 -0.10687
2.33432 -0.130229
2.3356 -0.148067
2.33689 -0.160779
2.33818 -0.168767
2.33946 -0.172446
2.34075 -0.172237
2.34204 -0.168568
2.34332 -0.161868
2.34461 -0.152571
2.3459 -0.14111
2.34718 -0.12792
2.34847 -0.113431
2.34976 -0.0980743
2.35105 -0.082276
2.35233 -0.0664607
2.35362 -0.0510495
2.35491 -0.0364606
2.35619 -0.0231095
2.35748 -0.0114096
2.35877 -0.00177304
2.36007 0.00555382
2.36137 0.0105244
2.36267 0.0133106
2.36397 0.0140827
2.36527 0.0130091
2.36658 0.0102571
2.36788 0.00599334
2.36918 0.000383778
2.37048 -0.00640582
2.37178 -0.0142097
2.37308 -0.022862
2.37438 -0.0321962
2.37568 -0.0420456
2.37699 -0.0522426
2.37829 -0.0626189
2.37959 -0.0730057
2.38089 -0.0832329
2.38219 -0.0931301
2.38349 -0.102526
2.38479 -0.111248
2.38611 -0.119236
2.38743 -0.126361
2.38874 -0.132627
2.39006 -0.138035
2.39137 -0.142588
2.39269 -0.146291
2.394 -0.149146
2.39532 -0.151158
2.39664 -0.152331
2.39795 -0.152669
2.39927 -0.152176
2.40058 -0.150858
2.4019 -0.148719
2.40322 -0.145766
2.40453 -0.142002
2.40585 -0.137435
2.40716 -0.132069
2.40848 -0.125912
2.40979 -0.118969
2.41111 -0.111248
2.41244 -0.102683
2.41377 -0.0934903
2.4151 -0.083832
2.41643 -0.0738685
2.41776 -0.0637599
2.41909 -0.0536655
2.42042 -0.0437439
2.42175 -0.0341529
2.42308 -0.0250498
2.42441 -0.0165912
2.42574 -0.00893325
2.42707 -0.00223164
2.4284 0.00335803
2.42973 0.0076802
2.43106 0.0105791
2.43239 0.0118986
2.43372 0.0114818
2.43505 0.00917068
2.43638 0.00480606
2.43771 -0.00177304
2.43906 -0.0107467
2.4404 -0.021754
2.44175 -0.0343989
2.44309 -0.0482839
2.44444 -0.0630097
2.44578 -0.0781746
2.44713 -0.0933742
2.44847 -0.108201
2.44982 -0.122246
2.45116 -0.135095
2.45251 -0.146336
2.45385 -0.155551
2.4552 -0.162324
2.45654 -0.166239
2.45788 -0.166884
2.45923 -0.163846
2.46057 -0.15672
2.46192 -0.145107
2.46326 -0.128617
2.46461 -0.10687
2.46597 -0.0794404
2.46733 -0.0474795
2.46869 -0.0121937
2.47004 0.0252256
2.4714 0.0636048
2.47276 0.10179
2.47412 0.138647
2.47548 0.173061
2.47684 0.203933
2.4782 0.230176
2.47956 0.250711
2.48092 0.264459
2.48228 0.270333
2.48363 0.26723
2.48499 0.254019
2.48635 0.229531
2.48771 0.192541
2.48907 0.141754
2.49043 0.0757831
2.49179 -0.00687319
2.49316 -0.108673
2.49454 -0.228848
2.49591 -0.367142
2.49728 -0.523376
2.49866 -0.697444
2.50003 -0.889306
2.5014 -1.09898
2.50278 -1.32656
2.50415 -1.57218
2.50552 -1.83603
2.5069 -2.11836
2.50827 -2.41948
2.50964 -2.73973
2.51102 -3.07952
2.51239 -3.43927
2.51377 -3.81948
2.51514 -4.22066
2.51651 -4.64336
2.51789 -5.08814
2.51926 -5.55557
2.52065 -6.05162
2.52203 -6.57282
2.52342 -7.12077
2.52481 -7.69723
2.5262 -8.30419
2.52759 -8.94383
2.52897 -9.61862
2.53036 -10.3313
2.53175 -11.085
2.53314 -11.883
2.53453 -12.7293
2.53591 -13.6281
2.5373 -14.5843
2.53869 -15.6029
2.54008 -16.6898
2.54147 -17.8507
2.54285 -19.0918
2.54424 -20.418
2.54563 -21.8328
2.54702 -23.3349
2.54842 -24.9358
2.54982 -26.6204
2.55122 -28.389
2.55263 -30.2355
2.55403 -32.1434
2.55543 -34.078
2.55683 -35.9768
2.55823 -37.7388
2.55964 -39.2228
2.56104 -40.2707
2.56244 -40.7624
2.56384 -40.6767
2.56525 -40.1046
2.56665 -39.2007
2.56805 -38.1205
2.56945 -36.9843
2.57086 -35.8721
2.57226 -34.8321
2.57366 -33.8917
2.57506 -33.0658
2.57648 -32.3509
2.5779 -31.7373
2.57931 -31.2064
2.58073 -30.7442
2.58214 -30.3401
2.58356 -29.9857
2.58498 -29.6742
2.58639 -29.4001
2.58781 -29.1586
2.58923 -28.946
2.59064 -28.7588
2.59206 -28.5941
2.59348 -28.4494
2.59489 -28.3223
2.59631 -28.2108
2.59773 -28.1129
2.59914 -28.027
2.60056 -27.9513
2.60198 -27.8842
2.60339 -27.8244
2.60482 -27.77
2.60625 -27.7212
2.60769 -27.6778
2.60912 -27.6395
2.61055 -27.6061
2.61198 -27.5773
2.61341 -27.5531
2.61484 -27.5331
2.61627 -27.5172
2.6177 -27.5052
2.61913 -27.4969
2.62056 -27.4922
2.62199 -27.4909
2.62342 -27.4929
2.62486 -27.4979
2.62629 -27.5059
2.62772 -27.5166
2.62915 -27.5299
2.63058 -27.5458
2.63201 -27.564
2.63346 -27.5846
2.6349 -27.6073
2.63635 -27.6321
2.63779 -27.6588
2.63924 -27.6874
2.64068 -27.7178
2.64213 -27.7498
2.64357 -27.7834
2.64502 -27.8185
2.64646 -27.855
2.64791 -27.8928
2.64935 -27.9317
2.6508 -27.9718
2.65224 -28.0129
2.65369 -28.0548
2.65513 -28.0976
2.65658 -28.141
2.65802 -28.185
2.65947 -28.2294
2.66091 -28.2742
