10 0.6666666666666666
20 0.4736842105263158
30 0.7586206896551724
40 0.5384615384615384
50 0.4489795918367347
60 0.5932203389830508
70 0.4782608695652174
80 0.5316455696202531
90 0.6067415730337079
100 0.5454545454545454
110 0.4862385321100918
120 0.5294117647058824
130 0.4961240310077519
140 0.4964028776978418
150 0.4966442953020134
160 0.5597484276729560
170 0.5798816568047337
180 0.5307262569832403
190 0.5132275132275133
200 0.5376884422110553
210 0.5837320574162680
220 0.4977168949771689
230 0.5458515283842795
240 0.4937238493723850
250 0.5341365461847389
260 0.5250965250965251
270 0.5204460966542751
280 0.4874551971326165
290 0.5190311418685121
300 0.5317725752508361
310 0.4822006472491909
320 0.4733542319749217
330 0.5075987841945289
340 0.5103244837758112
350 0.5071633237822349
360 0.4986072423398329
370 0.5284552845528455
380 0.5408970976253298
390 0.4935732647814910
400 0.4937343358395990
410 0.5158924205378973
420 0.5536992840095465
430 0.4848484848484849
440 0.5398633257403189
450 0.4966592427616927
460 0.5337690631808278
470 0.5138592750533049
480 0.5093945720250522
490 0.5010224948875256
500 0.4849699398797595
510 0.5068762278978389
520 0.4971098265895954
530 0.5255198487712666
540 0.5139146567717996
550 0.5118397085610200
560 0.5259391771019678
570 0.5079086115992970
580 0.5233160621761658
590 0.5093378607809848
600 0.5626043405676127
610 0.4958949096880131
620 0.5169628432956381
630 0.4658187599364070
640 0.4945226917057903
650 0.5238828967642527
660 0.4962063732928680
670 0.5142002989536622
680 0.5228276877761414
690 0.5137880986937591
700 0.5021459227467812
710 0.5218617771509168
720 0.4979137691237831
730 0.4938271604938271
740 0.5128552097428958
750 0.4779706275033378
760 0.4953886693017128
770 0.4993498049414825
780 0.5353016688061617
790 0.5196451204055766
800 0.5131414267834794
810 0.5426452410383189
820 0.4981684981684982
830 0.5090470446320868
840 0.5327771156138260
850 0.5053003533568905
860 0.5110593713620489
870 0.5397008055235903
880 0.5221843003412969
890 0.5208098987626547
900 0.5283648498331479
910 0.5115511551155115
920 0.4907508161044614
930 0.5274488697524220
940 0.5228966986155484
950 0.5247629083245522
960 0.5067778936392076
970 0.4974200206398349
980 0.5280898876404494
990 0.5338725985844287
1000 0.5255255255255256
1010 0.4955401387512389
1020 0.5053974484789009
1030 0.4897959183673469
1040 0.5081809432146295
1050 0.5166825548141086
1060 0.4957507082152974
1070 0.5098222637979420
1080 0.4976830398517145
1090 0.5179063360881543
1100 0.5031847133757962
1110 0.4986474301172227
1120 0.5129579982126900
1130 0.5314437555358724
1140 0.5109745390693591
1150 0.5117493472584856
1160 0.4969801553062985
1170 0.5175363558597091
1180 0.5004240882103478
1190 0.5063078216989067
1200 0.5154295246038365
1210 0.4995864350703060
1220 0.4749794913863823
1230 0.5061025223759154
1240 0.4955609362389024
1250 0.5212169735788631
1260 0.4932486100079428
1270 0.5090622537431048
1280 0.5222830336200156
1290 0.4980605120248254
1300 0.4811393379522710
1310 0.5164247517188694
1320 0.5193328278999242
1330 0.5237020316027088
1340 0.5384615384615384
1350 0.5003706449221645
1360 0.4996320824135394
1370 0.4930606281957634
1380 0.5032632342277013
1390 0.5169186465082793
1400 0.5418155825589707
1410 0.5223562810503903
1420 0.5109231853417900
1430 0.5094471658502450
1440 0.4947880472550382
1450 0.5279503105590062
1460 0.5126799177518848
1470 0.5023825731790333
1480 0.5375253549695740
1490 0.5399597044996642
1500 0.5023348899266178
1510 0.5115970841616965
1520 0.5115207373271890
1530 0.4964028776978418
1540 0.4983755685510071
1550 0.5229180116204003
1560 0.4753046824887748
1570 0.5162523900573613
1580 0.5161494616846105
1590 0.4789175582127124
1600 0.5171982489055660
1610 0.5170913610938471
1620 0.5058678196417542
1630 0.4935543278084715
1640 0.5112873703477731
1650 0.5160703456640389
1660 0.5105485232067510
1670 0.5122828040742959
1680 0.4973198332340679
1690 0.5145056246299585
1700 0.5091230135373749
1710 0.4967817437097718
1720 0.4840023269342641
1730 0.5355696934644303
1740 0.5089131684876366
1750 0.5042881646655232
1760 0.5400795906765208
1770 0.5432447710570945
1780 0.5222034851039911
1790 0.4829513694801565
1800 0.4897165091717621
1810 0.4809286898839137
1820 0.5035733919736118
1830 0.4975396391470749
1840 0.5323545405111474
1850 0.5035154137371553
1860 0.5051102743410436
1870 0.5115034777956127
1880 0.5172964342735498
1890 0.5029115934356803
1900 0.5292259083728278
1910 0.5311681508643269
1920 0.5138092756644086
1930 0.5163297045101088
1940 0.5162454873646210
1950 0.5274499743458184
1960 0.4987238386932108
1970 0.5068562722194007
1980 0.5083375442142496
1990 0.5067873303167421
2000 0.5092546273136568
2010 0.5047287207565954
2020 0.5116394254581476
2030 0.5105963528831937
2040 0.5134870034330554
2050 0.5114690092728160
2060 0.5036425449247207
2070 0.5113581440309328
2080 0.5372775372775372
2090 0.5102920057443753
2100 0.5235826584087661
2110 0.5187292555713609
2120 0.5191127890514393
2130 0.5176139032409582
2140 0.4978962131837307
2150 0.5011633317822243
2160 0.5303381194997684
2170 0.5357307514983863
2180 0.5291418081688848
2190 0.5198720877112837
2200 0.5115961800818554
2210 0.5101856043458578
2220 0.5119423163587201
2230 0.5047106325706595
2240 0.4988834301027245
2250 0.5246776345042241
2260 0.5347498893315626
2270 0.5257822829440282
2280 0.5072400175515577
2290 0.5041502839667977
2300 0.5145715528490649
2310 0.5032481593763534
2320 0.5166019836136265
2330 0.5105195362816659
2340 0.5040615647712697
2350 0.4934014474244359
2360 0.5044510385756676
2370 0.4959898691430983
2380 0.5014712063892391
2390 0.5018836333193805
2400 0.5143809920800333
2410 0.5122457451224575
2420 0.5150888797023564
2430 0.5080279950596953
2440 0.5018450184501845
2450 0.5018374846876276
2460 0.5095567303782025
2470 0.5212636695018226
2480 0.5139169019766035
2490 0.4969867416633186
2500 0.4993997599039616
2510 0.5129533678756477
2520 0.5033743549027392
2530 0.5179913009094503
2540 0.5194958645135880
2550 0.4896037661828168
2560 0.5111371629542790
2570 0.5060334760607240
2580 0.5335401318340443
2590 0.5056006179992275
2600 0.5298191612158523
2610 0.5170563434266002
2620 0.5364642993508973
2630 0.5306200076074553
2640 0.5168624478969307
2650 0.5167987919969800
2660 0.5122226400902595
2670 0.5174222555264144
2680 0.5158641284061217
2690 0.4994421718110822
2700 0.5175991107817710
2710 0.5116279069767442
2720 0.5156307465980140
2730 0.5188713814584097
2740 0.5034684191310698
2750 0.5121862495452892
2760 0.5259151866618340
2770 0.5171542072950524
2780 0.5106153292551278
2790 0.5166726425242022
2800 0.5137549124687388
2810 0.5258098967604130
2820 0.5193330968428521
2830 0.5061859314245316
2840 0.5051074321944347
2850 0.5047385047385048
2860 0.5183630640083945
2870 0.5078424538166608
2880 0.4890587009378256
2890 0.5126341294565594
2900 0.5212142117971714
2910 0.5190787212100378
2920 0.5279205207262762
2930 0.5093888699214749
2940 0.5117386866281048
2950 0.5025432349949135
2960 0.5062521122000676
2970 0.5139777702930279
2980 0.5169519973145351
2990 0.5212445633991302
3000 0.5065021673891297
3010 0.4901960784313725
3020 0.5120900960582975
3030 0.5123803235391218
3040 0.5116814741691346
3050 0.5145949491636602
3060 0.5044132069303694
3070 0.5050505050505051
3080 0.5131536213056187
3090 0.5111686629977339
3100 0.5211358502742820
3110 0.5030556449018977
3120 0.5161910868868227
3130 0.5065516139341643
3140 0.5167250716788786
3150 0.5065100031756114
3160 0.4922443811332700
3170 0.5064689176396340
3180 0.4957533815665304
3190 0.5045468798996551
3200 0.5264145045326665
3210 0.5238392022436896
3220 0.5209692451071761
3230 0.5125425828429855
3240 0.5208397653596789
3250 0.5109264389042783
3260 0.5237803007057380
3270 0.5081064545732640
3280 0.5193656602622750
3290 0.5235633931286106
3300 0.5071233707183995
3310 0.5158658204895739
3320 0.5296776137390781
3330 0.5064583959146891
3340 0.5148247978436658
3350 0.5031352642579875
3360 0.5007442691277166
3370 0.5233006826951617
3380 0.5042912104172832
3390 0.5128356447329596
3400 0.5042659605766402
3410 0.5171604576122030
3420 0.5136004679730916
3430 0.5266841644794401
3440 0.5149752835126490
3450 0.5042041171354016
3460 0.5151777970511708
3470 0.5059094840011531
3480 0.5168151767749354
3490 0.5027228432215535
3500 0.5152900828808231
3510 0.5001424907381020
3520 0.5123614663256607
3530 0.5134599036554265
3540 0.4936422718282000
3550 0.5207100591715976
3560 0.5181230682776060
3570 0.5194732418044270
3580 0.5155071248952221
3590 0.5090554471997771
3600 0.5273687135315366
3610 0.5198115821557218
3620 0.5015197568389058
3630 0.5100578671810416
3640 0.5001374003847211
3650 0.5105508358454372
3660 0.5217272478819349
3670 0.5263014445352957
3680 0.5123674911660777
3690 0.5158579560856601
3700 0.5204109218707759
3710 0.5093016985710435
3720 0.5095455767679484
3730 0.5140788415124699
3740 0.5242043327092806
3750 0.5204054414510536
3760 0.5067837190742218
3770 0.5022552401167418
3780 0.5170680074093675
3790 0.5003958828186856
3800 0.5317188733877336
3810 0.5145707534786033
3820 0.5161036920659858
3830 0.4993470880125359
3840 0.5126334983068508
3850 0.5162379838919200
3860 0.5221559989634620
3870 0.5091754975445851
3880 0.5158546017014695
3890 0.5230136281820520
3900 0.5093613747114645
3910 0.5200818623688923
3920 0.5029344220464405
3930 0.5337235937897684
3940 0.5105356689515106
3950 0.5110154469485946
3960 0.5087143217984339
3970 0.5097001763668431
3980 0.5111837145011310
3990 0.5221860115317122
4000 0.5148787196799199
4010 0.5115989024694437
4020 0.5172928589201294
4030 0.5264333581533880
4040 0.5018568952711067
4050 0.5156828846628797
4060 0.5070214338507022
4070 0.5143769968051118
4080 0.5089482716352047
4090 0.5218879921741257
4100 0.5130519638936326
4110 0.5200778778291555
4120 0.5137169215829085
4130 0.5098086703802374
4140 0.5172747040347910
4150 0.5234996384671005
4160 0.5099783601827362
4170 0.5159510674022547
4180 0.5027518545106485
4190 0.5108617808546192
4200 0.5044058109073589
4210 0.5184129246851984
4220 0.5240578336098601
4230 0.5114684322534878
4240 0.5100259495163954
4250 0.5163567898329019
4260 0.5120920403850670
4270 0.5141719372218319
4280 0.5192802056555270
4290 0.5096759151317324
4300 0.5089555710630379
4310 0.5001160362032955
4320 0.5114609863394304
4330 0.5095865095865096
4340 0.5176307905047246
4350 0.5240285123016786
4360 0.5021793989447121
4370 0.5170519569695583
4380 0.5033112582781457
4390 0.5233538391433128
4400 0.5151170720618322
4410 0.5116806532093445
4420 0.5050916496945010
4430 0.5095958455633326
4440 0.5190358188781257
4450 0.5237131939761744
4460 0.5193989683785603
4470 0.5101812486014768
4480 0.5155168564411700
4490 0.5043439518823791
4500 0.5214492109357635
4510 0.5209580838323353
4520 0.5054215534410268
4530 0.5027599911680283
4540 0.5159726812073144
4550 0.5042866564080017
4560 0.5189734590919062
4570 0.5342525716787043
4580 0.5075343961563660
4590 0.5096971017650904
4600 0.5122852794085671
4610 0.5079192883488827
4620 0.5189434942628275
4630 0.5154461006696911
4640 0.5115326579004096
4650 0.5076360507636051
4660 0.5271517493024254
4670 0.5035339473120583
4680 0.5071596494977559
4690 0.5097035615269780
4700 0.5203234730793785
4710 0.5226162667232959
4720 0.5126086035176944
4730 0.5043349545358427
4740 0.5336568896391644
4750 0.5142135186355022
4760 0.5156545492750578
4770 0.5137345355420424
4780 0.5218664992676292
4790 0.5101273752349134
4800 0.5007293186080434
4810 0.5233936369307548
4820 0.5181572940444076
4830 0.5133568026506523
4840 0.5042364124819178
4850 0.5079397813982265
4860 0.5046305824243672
4870 0.5064695009242144
4880 0.5039967206394753
4890 0.5123747187563918
4900 0.5021432945499081
4910 0.5155836219189244
4920 0.4980687131530799
4930 0.5067965104483668
4940 0.5150840251062968
4950 0.5102040816326531
4960 0.5041338979632991
4970 0.4964781646206480
4980 0.5219923679453705
4990 0.5093205051112447
5000 0.5279055811162232
5010 0.5082850868436813
5020 0.5090655509065551
5030 0.5207794790216743
5040 0.5203413375669775
5050 0.5054466230936819
5060 0.4949594781577387
5070 0.5089761294140857
5080 0.5180153573538098
5090 0.5112988799371193
5100 0.5048048636987644
5110 0.5167351732237229
5120 0.4975581168196914
5130 0.5217391304347826
5140 0.5098268145553609
5150 0.5134977665566129
5160 0.5059119984493119
5170 0.5091893983362352
5180 0.5095578296968527
5190 0.5047215263056466
5200 0.5210617426428159
5210 0.5064311768093684
5220 0.5058440314236444
5230 0.5222795945687512
5240 0.5056308455812177
5250 0.5031434558963612
5260 0.5185396463205932
5270 0.5057885746821029
5280 0.5197954157984467
5290 0.5144639818491208
5300 0.5050009435742593
5310 0.5049915238274628
5320 0.5168264711411920
5330 0.5243009945580784
5340 0.5053380782918150
5350 0.5122452794914938
5360 0.5077439820862101
5370 0.5205811138014528
5380 0.5181260457334077
5390 0.5041751716459455
5400 0.5082422670864975
5410 0.5161767424662599
5420 0.5117180291566710
5430 0.5039602136673420
5440 0.5122265122265123
5450 0.5094512754633878
5460 0.5096171459974355
5470 0.5125251417078076
5480 0.5106771308632963
5490 0.5106576789943523
5500 0.5135479178032369
5510 0.5066255218732982
5520 0.5227396267439753
5530 0.5136552722011214
5540 0.5195883733525907
5550 0.4894575599207064
5560 0.5175391257420400
5570 0.5254085114024062
5580 0.5172970066320130
5590 0.5133297548756486
5600 0.5072334345418825
5610 0.5168479229809235
5620 0.5082754938601175
5630 0.5071948836383017
5640 0.5125022167050896
5650 0.5103558151885289
5660 0.5083937091358898
5670 0.5138472393720233
5680 0.5080119739390738
5690 0.5113376691861488
5700 0.5164063870854536
5710 0.5119985987038010
5720 0.5123273299527890
5730 0.5096875545470414
5740 0.5096706743335076
5750 0.5178291876848148
5760 0.5243965966313596
5770 0.5091003640145606
5780 0.5227548018688354
5790 0.5170150285023321
5800 0.5152612519399896
5810 0.5121363401618179
5820 0.5126310362605259
5830 0.5208440555841483
5840 0.5067648569960610
5850 0.5147888527953496
5860 0.5200546168288104
5870 0.5218947009712046
5880 0.5096104779724443
5890 0.5061979962642215
5900 0.5094083743007289
5910 0.5114232526654257
5920 0.5206960635242439
5930 0.5123966942148760
5940 0.5088398720323287
5950 0.5084888216506976
5960 0.5282765564692062
5970 0.5084603786228850
5980 0.5119585214918883
5990 0.5132743362831859
6000 0.5069178196366061
6010 0.5148943251788983
6020 0.5215152018607743
6030 0.5082103168021230
6040 0.5048849147209803
6050 0.5093403868408002
6060 0.5159267205809539
6070 0.5055198550008239
6080 0.5078137851620332
6090 0.5097717194941698
6100 0.5264797507788162
6110 0.5162874447536422
6120 0.5080895571171760
6130 0.5064447707619514
6140 0.5085518814139111
6150 0.5078874613758335
6160 0.5096606591979217
6170 0.5021883611606419
6180 0.5152937368506231
6190 0.5141379867506867
6200 0.5166962413292466
6210 0.5084554678692221
6220 0.5063515034571474
6230 0.4995986514689356
6240 0.5066517070043276
6250 0.5079212674027844
6260 0.5269212334238697
6270 0.5064603605040676
6280 0.5089982481286829
6290 0.5107330259182700
6300 0.5083346562946499
6310 0.5103819939768585
6320 0.5049849659756290
6330 0.5052930952757150
6340 0.5130146710837672
6350 0.5103165852890219
6360 0.5170624311998742
6370 0.5132673889150573
6380 0.5201442232324816
6390 0.5105650336515887
6400 0.5099234255352398
6410 0.5124044312685286
6420 0.5031936438697616
6430 0.5112770259760461
6440 0.5250815343997515
6450 0.5193053186540549
6460 0.5076637250348351
6470 0.5061060442108517
6480 0.5054792406235530
6490 0.5022345507782401
6500 0.5088475150023081
6510 0.5071439545245046
6520 0.5229329651787084
6530 0.5140143973043345
6540 0.5086404649028904
6550 0.5164147198045503
6560 0.5105961274584541
6570 0.5134723702237783
6580 0.5274357805137558
6590 0.5167703748672029
6600 0.5211395666010001
6610 0.5153578453623846
6620 0.5154857229188700
6630 0.5095791220395233
6640 0.5095646934779334
6650 0.5146638592269515
6660 0.5054813034990239
6670 0.5089218773429299
6680 0.5192394070968708
6690 0.5168186574973838
6700 0.5148529631288252
6710 0.5210910716947385
6720 0.5101949694895074
6730 0.5128548075494130
6740 0.5088292031458673
6750 0.5067417395169654
6760 0.5070276668146175
6770 0.5056876938986556
6780 0.5077445050892462
6790 0.5136249815878627
6800 0.5140461832622445
6810 0.5154941988544574
6820 0.5113653028303270
6830 0.5038805095914483
6840 0.5050445971633280
6850 0.5094174332019273
6860 0.5118821985712203
6870 0.5077886155189985
6880 0.5096671027765664
6890 0.5113949775003629
6900 0.5208001159588346
6910 0.5023881893182806
6920 0.5091776268246857
6930 0.5052677153990475
6940 0.5192390834414181
6950 0.5180601525399338
6960 0.5141543325190401
6970 0.5126990959965562
6980 0.5159765009313655
6990 0.5103734439834025
7000 0.5193599085583655
7010 0.5206163504066200
7020 0.5134634563328110
7030 0.5124484279413857
7040 0.5158403182270209
7050 0.5111363313945241
7060 0.5088539453180337
7070 0.5125194511246287
7080 0.5144794462494703
7090 0.5116377486246297
7100 0.5138751936892521
7110 0.5137150091433395
7120 0.5037224329259727
7130 0.5075045588441577
7140 0.5272447121445580
7150 0.5059448873968387
7160 0.5104064813521442
7170 0.5066257497558935
7180 0.5114918512327622
7190 0.5022951731812492
7200 0.5124322822614252
7210 0.5197669579692051
7220 0.5092118021886688
7230 0.5053257711993360
7240 0.5102914767233043
7250 0.5111049799972410
7260 0.5163245626119301
7270 0.5176778098775623
7280 0.5087237257865092
7290 0.5154342159418301
7300 0.5074667762707220
7310 0.5106033657135040
7320 0.5096324634512912
7330 0.5103015418201665
7340 0.5068810464640959
7350 0.5157164240032658
7360 0.5143361869819269
7370 0.5038675532636722
7380 0.5103672584361024
7390 0.5107592367032074
7400 0.5147992972023247
7410 0.5166689161830207
7420 0.5143550343712091
7430 0.5051823933234622
7440 0.5094770802527221
7450 0.5212780238958249
7460 0.5071725432363587
7470 0.5184094256259205
7480 0.5139724562107234
7490 0.5126185071438110
7500 0.5156687558341112
7510 0.5253695565321614
7520 0.5334485968878840
7530 0.5116217293133218
7540 0.5145244727417430
7550 0.5066896277652669
7560 0.5226881862680248
7570 0.5101070154577884
7580 0.5123367198838897
7590 0.5081038344972987
7600 0.5180944861165943
7610 0.5047969509791037
7620 0.5120094500590628
7630 0.5156639140123214
7640 0.5087053279225029
7650 0.5042489214276376
7660 0.5107716412064238
7670 0.5187116964402139
7680 0.5156921474150280
7690 0.5086487189491481
7700 0.5148720613066632
7710 0.5047347256453496
7720 0.5209223992745174
7730 0.5228360719368612
7740 0.5031657836929836
7750 0.5137437088656601
7760 0.5163036473772393
7770 0.5101042605225897
7780 0.5144620131122252
7790 0.5180382590833227
7800 0.5096807282984998
7810 0.5114611345882956
7820 0.5117022637165878
7830 0.5178183676076127
7840 0.5128205128205128
7850 0.5153522741750541
7860 0.5186410484794504
7870 0.5083238022620409
7880 0.5053940855438508
7890 0.5058942831791101
7900 0.5147487023673882
7910 0.5129599190795297
7920 0.5092814749337038
7930 0.5114137974523899
7940 0.5126590250661293
7950 0.5176751792678325
7960 0.5265736901620807
7970 0.5123603965365793
7980 0.5098383256047123
7990 0.5080736012016522
8000 0.5146893361670208
8010 0.5099263328755150
8020 0.5096645467015838
8030 0.5150080956532569
8040 0.5185968404030352
8050 0.5098770033544540
8060 0.5108574264797121
8070 0.5034081050935679
8080 0.5092214382968189
8090 0.5220670045741130
8100 0.5117915792073096
8110 0.5096806018004686
8120 0.5092991747752186
8130 0.5052281953499815
8140 0.5179997542695662
8150 0.5091422260400049
8160 0.5025125628140703
8170 0.5186681356347166
8180 0.5181562538207605
8190 0.4962754915130053
8200 0.5085986095865349
8210 0.5082226824217323
8220 0.5067526463073366
8230 0.5220561429092235
8240 0.5051583930088603
8250 0.5190932234210207
8260 0.5132582637123139
8270 0.5116700931188778
8280 0.5116559971010992
8290 0.5028350826396429
8300 0.5175322327991324
8310 0.5158262125406186
8320 0.5089554032936651
8330 0.5070236522991956
8340 0.5110924571291522
8350 0.5068870523415978
8360 0.5101088646967341
8370 0.5161907037877883
8380 0.5087719298245614
8390 0.5148408630349267
8400 0.5093463507560424
8410 0.5089784754429778
8420 0.5155006532842380
8430 0.5038557361490094
8440 0.5078800805782676
8450 0.5025446798437685
8460 0.5064428419434921
8470 0.5122210414452710
8480 0.5130321971930653
8490 0.5077158675933561
8500 0.5248852806212495
8510 0.5151016570689858
8520 0.5038150017607701
8530 0.5013483409543909
8540 0.5134090642932427
8550 0.5179553164112761
8560 0.5196868793083305
8570 0.5138289181934882
8580 0.5074017950810118
8590 0.5117010129235068
8600 0.5229677869519712
8610 0.5149262399814149
8620 0.5085276714235990
8630 0.5077065708656855
8640 0.5196203264266698
8650 0.5237599722511273
8660 0.5157639450282943
8670 0.5095166685892260
8680 0.5146906325613549
8690 0.5131775808493497
8700 0.5090240257500862
8710 0.5119990814100356
8720 0.5115265512100011
8730 0.5087638904800091
8740 0.5098981576839455
8750 0.5045148016916219
8760 0.5167256536134262
8770 0.5010833618428555
8780 0.5067775373049323
8790 0.5151894413471385
8800 0.5124445959768156
8810 0.5122034283119537
8820 0.5158181199682503
8830 0.5107033639143731
8840 0.5078628804163367
8850 0.5126002938185106
8860 0.5148436618128457
8870 0.5166309617769760
8880 0.5171753575853136
8890 0.5066936663291709
8900 0.5163501517024385
8910 0.5076888539678977
8920 0.5084650745599283
8930 0.5139433307201254
8940 0.5102360443002573
8950 0.4998323835065370
8960 0.5115526286415895
8970 0.5037350875236927
8980 0.5101904443701971
8990 0.5091778840805429
9000 0.5112790310034449
9010 0.5029415029415030
9020 0.5181283956092693
9030 0.5083619448443904
9040 0.5137736475273813
9050 0.5118797657199691
9060 0.5159509879677668
9070 0.5139486161649576
9080 0.5118405110695010
9090 0.5103971834085158
9100 0.5125838004176283
9110 0.5108134811724668
9120 0.5083890777497533
9130 0.5149523496549457
9140 0.5035561877667141
9150 0.5145917586621489
9160 0.5147941915056229
9170 0.5111789726251500
9180 0.5022333587536769
9190 0.5099575579497225
9200 0.5125557125774540
9210 0.5080899120425670
9220 0.5053693459160430
9230 0.5114313576768881
9240 0.5087130641844355
9250 0.5178938263596065
9260 0.5163624581488282
9270 0.5092242960405653
9280 0.5109386787369329
9290 0.5109269027882442
9300 0.5053231530272072
9310 0.5116553872596412
9320 0.5107844189290697
9330 0.4991960553113946
9340 0.5136524253132027
9350 0.5001604449673762
9360 0.5048616305160808
9370 0.5133952396200235
9380 0.5123147457084977
9390 0.5195441474065395
9400 0.5057984892009788
9410 0.5135508555638219
9420 0.5068478607070814
9430 0.5139463357726164
9440 0.5094819366458311
9450 0.5075669383003493
9460 0.5105190823554286
9470 0.5231809061146900
9480 0.5094419242536132
9490 0.5067973442933924
9500 0.5177387093378251
9510 0.5068882111683668
9520 0.5117134152747137
9530 0.5149543498793158
9540 0.5139951776915819
9550 0.5093727091842077
9560 0.5046552986714091
9570 0.5078900616574354
9580 0.5089257751331037
9590 0.5043278756908958
9600 0.5126575684967184
9610 0.5055676969507753
9620 0.5184530616488200
9630 0.5125142797798318
9640 0.5071065463222326
9650 0.5142501813659447
9660 0.5035717983228077
9670 0.5096700796359499
9680 0.5183386713503461
9690 0.5190422128186604
9700 0.5179915455201567
9710 0.5093212483262952
9720 0.5140446547998765
9730 0.5168054270736971
9740 0.5094978950610946
9750 0.5119499435839573
9760 0.5150117839942617
9770 0.5109018323267479
9780 0.5161059413027918
9790 0.5101644703238328
9800 0.5070925604653536
9810 0.5033132837190335
9820 0.5159384866075976
9830 0.5172448875775766
9840 0.5094013619270251
9850 0.5020814295867601
9860 0.5132366365757176
9870 0.5138311885702706
9880 0.5101730944427574
9890 0.5043988269794721
9900 0.5155066168299828
9910 0.5121606620244222
9920 0.5008569412239137
9930 0.5177762110988015
9940 0.5178589395311399
9950 0.5148256106141321
9960 0.5053720253037454
9970 0.5132912027284582
9980 0.5155827237198116
9990 0.5018520372409651
10000 0.5081508150815082
