10 0.5325000000000000
20 0.5200000000000000
30 0.5325000000000000
40 0.5000000000000000
50 0.5050000000000000
60 0.5300000000000000
70 0.5100000000000000
80 0.5300000000000000
90 0.4900000000000000
100 0.5050000000000000
110 0.5400000000000000
120 0.5025000000000000
130 0.5325000000000000
140 0.5150000000000000
150 0.5300000000000000
160 0.5075000000000000
170 0.5000000000000000
180 0.4700000000000000
190 0.4950000000000000
200 0.5275000000000000
210 0.5325000000000000
220 0.5125000000000000
230 0.4775000000000000
240 0.5375000000000000
250 0.4800000000000000
260 0.5475000000000000
270 0.4850000000000000
280 0.4800000000000000
290 0.4950000000000000
300 0.5150000000000000
310 0.5075000000000000
320 0.5525000000000000
330 0.4950000000000000
340 0.4825000000000000
350 0.5375000000000000
360 0.5425000000000000
370 0.4900000000000000
380 0.4700000000000000
390 0.5000000000000000
400 0.5125000000000000
