10 0.1256133344403753
21 0.3955350394623467
32 0.4789694728791051
43 0.5027716277072883
54 0.5095621639888621
65 0.5114994623882100
76 0.5120521617445228
87 0.5122098434822084
98 0.5122548291152035
109 0.5122676632404841
120 0.5122713247377392
131 0.5122723693404570
142 0.5122726673592077
153 0.5122727523821301
164 0.5122727766386486
175 0.5122727835588847
186 0.5122727855331856
197 0.5122727860964416
208 0.5122727862571348
219 0.5122727863029797
230 0.5122727863160590
241 0.5122727863197905
252 0.5122727863208549
263 0.5122727863211587
274 0.5122727863212453
285 0.5122727863212702
296 0.5122727863212772
