10 0.0909398493134014
20 0.3656883433944476
30 0.4653859067547397
40 0.4972810431217967
50 0.5074791690578552
60 0.5107400245278357
70 0.5117826848862211
80 0.5121160761151327
90 0.5122226781458001
100 0.5122567642043316
110 0.5122676632404841
120 0.5122711482133493
130 0.5122722625353591
140 0.5122726188404407
150 0.5122727327691885
160 0.5122727691979689
170 0.5122727808460919
180 0.5122727845705857
190 0.5122727857614946
200 0.5122727861422882
210 0.5122727862640472
220 0.5122727863029797
230 0.5122727863154284
240 0.5122727863194090
250 0.5122727863206816
260 0.5122727863210886
270 0.5122727863212186
280 0.5122727863212604
290 0.5122727863212738
300 0.5122727863212780
310 0.5122727863212793
320 0.5122727863212795
330 0.5122727863212795
340 0.5122727863212795
350 0.5122727863212795
360 0.5122727863212795
370 0.5122727863212795
380 0.5122727863212795
390 0.5122727863212795
400 0.5122727863212795
